            550      320      525      335      505
            355      485      375      465      395
            445    25375     3450     1750      430
           1300      430      420      430      420
            430      420      430     1300      430
            420      430      420      430      420
            430      420      430     1300      430
            420      430     1300      430     1300
            430      420      430     1300      430
           1300      430     1300      430     1300
            430     1300      430      420      430
            420      430     1300      430      420
            430      420      430      420      430
            420      430      420      430      420
            430      420      430      420      430
            420      430      420      430     1300
            430      420      430     1300      430
            420      430      420      430      420
            430     1300      430     1300      430
            420      430      420      430      420
            430      420      430      420      430
            420      430      420      430      420
            430      420      430      420      430
            420      430      420      430      420
            430      420      430      420      430
            420      430     1300      430     1300
            430     1300      430      420      430
           1300      430      420      430     1300
            430     1300     3450    35000     3450
           1750      430     1300      430      420
            430      420      430      420      430
           1300      430      420      430      420
            430      420      430      420      430
           1300      430      420      430     1300
            430     1300      430      420      430
           1300      430     1300      430     1300
            430     1300      430     1300      430
            420      430      420      430     1300
            430      420      430      420      430
            420      430      420      430      420
            430      420      430      420      430
            420      430      420      430      420
            430      420      430     1300      430
            420      430      420      430      420
            430      420      430     1300      430
            420      430      420      430      420
            430      420      430      420      430
            420      430      420      430      420
            430      420      430      420      430
            420      430      420      430      420
            430      420      430      420      430
            420      430      420      430      420
            430      420      430     1300      430
            420      430     1300      430      420
            430     1300      430      420     3450
          35000     3450     1750      430     1300
            430      420      430      420      430
            420      430     1300      430      420
            430      420      430      420      430
            420      430     1300      430      420
            430     1300      430     1300      430
            420      430     1300      430     1300
            430     1300      430     1300      430
           1300      430      420      430      420
            430     1300      430      420      430
            420      430      420      430      420
            430      420      430      420      430
            420      430      420      430      420
            430      420      430      420      430
            420      430      420      430      420
            430      420      430      420      430
            420      430      420      430      420
            430      420      430      420      430
           1300      430      420      430     1300
            430     1300      430      420      430
            420      430     1300      430      420
            430      420      430     1300      430
           1300      430      420      430      420
            430      420      430      420      430
            420      430      420      430      420
            430      420      430      420      430
            420      430     1300      430     1300
            430     1300      430     1300      430
            420      430     1300      430      420
            430     1300      430      420      430
            420      430      420      430      420
            430      420      430      420      430
            420      430      420      430      420
            430      420      430      420      430
            420      430      420      430      420
            430      420      430      420      430
            420      430     1300      430     1300
            430      420      430      420      430
            420      430      420      430      420
            430      420      430      420      430
            420      430      420      430      420
            430     1300      430     1300      430
            420      430      420      430      420
            430      420      430      420      430
            420      430      420      430      420
            430      420      430      420      430
            420      430      420      430      420
            430      420      430      420      430
            420      430      420      430      420
            430      420      430      420      430
            420      430      420      430      420
            430     1300      430     1300      430
            420      430      420      430      420
            430      420      430      420      430
            420      430      420      430      420
            430      420      430      420      430
            420      430      420      430      420
            430      420      430      420      430
            420      430     1300      430      420
            430      420      430      420      430
            420      430      420      430      420
            430     1300     3450
